<?xml version="1.0" encoding="utf-8"?>
<opencv_storage>
   <camera-matrix type_id="opencv-matrix">
      <rows>3</rows>
      <cols>3</cols>
      <dt>f</dt>
      <data>1552.9588715707959636 6.7175548624899504 674.6139094014574766 
0.0000000000000000 1603.3033585151765692 564.3269818895820436 
0.0000000000000000 0.0000000000000000 1.0000000000000000 
</data>
   </camera-matrix>
   <distortion type_id="opencv-matrix">
      <rows>5</rows>
      <cols>1</cols>
      <dt>f</dt>
      <data>-0.0751746205477892 1.1790551511276406 0.0075142556526232 0.0038072206875636 -8.5496626008397598 </data>
   </distortion>
</opencv_storage>