<?xml version="1.0"?>
<opencv_storage>
<cam type_id="opencv-matrix">
  <rows>3</rows>
  <cols>3</cols>
  <dt>f</dt>
  <data>
  540.737161460067 0 0
  0 549.482736062382 0
  599.169480121293 192.355766704571 1</data></cam>
<disCoeffD type_id="opencv-matrix">
  <rows>5</rows>
  <cols>1</cols>
  <dt>f</dt>
  <data>
   -0.168383216644715,0.0332846455639332,-0.00274544469543201,0.0399,0</data></disCoeffD>
</opencv_storage>
