<?xml version="1.0"?>
<opencv_storage>
<cameraMatrixl type_id="opencv-matrix">
  <rows>3</rows>
  <cols>3</cols>
  <dt>d</dt>
  <data>
    1.8948037491187140e+03 0. 320. 0. 1.8883683342150948e+03 240. 0. 0.
    1.</data></cameraMatrixl>
<disCoeffsl type_id="opencv-matrix">
  <rows>1</rows>
  <cols>5</cols>
  <dt>d</dt>
  <data>
    -1.2738736606423611e+00 2.4491668597623292e+01
    1.3039829859457519e-03 4.4447238082911374e-03
    -4.6303358586733253e+02</data></disCoeffsl>
<Rl type_id="opencv-matrix">
  <rows>3</rows>
  <cols>3</cols>
  <dt>d</dt>
  <data>
    9.9648360610484810e-01 -1.8226594726217977e-02
    8.1781501630652037e-02 1.8715223802488572e-02 9.9981126904332496e-01
    -5.2121676871357461e-03 -8.1671066861532415e-02
    6.7243987584214415e-03 9.9663665360001508e-01</data></Rl>
<Pl type_id="opencv-matrix">
  <rows>3</rows>
  <cols>4</cols>
  <dt>d</dt>
  <data>
    1.8815156258739398e+03 0. 2.2226632881164551e+02 0. 0.
    1.8815156258739398e+03 2.4040016365051270e+02 0. 0. 0. 1. 0.</data></Pl>
<cameraMatrixr type_id="opencv-matrix">
  <rows>3</rows>
  <cols>3</cols>
  <dt>d</dt>
  <data>
    1.8693290548645377e+03 0. 320. 0. 1.8746629175327848e+03 240. 0. 0.
    1.</data></cameraMatrixr>
<disCoeffsr type_id="opencv-matrix">
  <rows>1</rows>
  <cols>5</cols>
  <dt>d</dt>
  <data>
    -7.4897292832709139e-01 1.3064005222010069e+01
    5.4501670062966313e-03 -6.6602206039747015e-03
    -2.6603658549337024e+02</data></disCoeffsr>
<Rr type_id="opencv-matrix">
  <rows>3</rows>
  <cols>3</cols>
  <dt>d</dt>
  <data>
    9.9982763188007251e-01 -2.5816960982104203e-03
    1.8385901510201454e-02 2.4815089018731303e-03 9.9998196119458038e-01
    5.4698627963347688e-03 -1.8399691373940687e-02
    -5.4232951881017632e-03 9.9981600268581716e-01</data></Rr>
<Pr type_id="opencv-matrix">
  <rows>3</rows>
  <cols>4</cols>
  <dt>d</dt>
  <data>
    1.8815156258739398e+03 0. 2.2226632881164551e+02
    -5.3451612659610214e+05 0. 1.8815156258739398e+03
    2.4040016365051270e+02 0. 0. 0. 1. 0.</data></Pr>
<Q type_id="opencv-matrix">
  <rows>4</rows>
  <cols>4</cols>
  <dt>d</dt>
  <data>
    1. 0. 0. -2.2226632881164551e+02 0. 1. 0. -2.4040016365051270e+02 0.
    0. 0. 1.8815156258739398e+03 0. 0. 3.5200352847271051e-03 0.</data></Q>
<R type_id="opencv-matrix">
  <rows>3</rows>
  <cols>3</cols>
  <dt>d</dt>
  <data>
    9.9786100851802395e-01 -1.5866139339859118e-02
    6.3416664228262559e-02 1.6585194668314426e-02 9.9980382077144525e-01
    -1.0828263417277875e-02 -6.3232420459809507e-02
    1.1856879575504615e-02 9.9792839192475413e-01</data></R>
<T type_id="opencv-matrix">
  <rows>3</rows>
  <cols>1</cols>
  <dt>d</dt>
  <data>
    -2.8403909364720624e+02 7.3342903959287375e-01
    -5.2232151166140524e+00</data></T>
<E type_id="opencv-matrix">
  <rows>3</rows>
  <cols>3</cols>
  <dt>d</dt>
  <data>
    4.0251546094555828e-02 5.2308866101015301e+00 6.7535131290402861e-01
    -2.3172522100494440e+01 3.4506895869526595e+00
    2.8311943708787891e+02 -5.4427039026750572e+00
    -2.8397173438959709e+02 3.0291385036776894e+00</data></E>
<F type_id="opencv-matrix">
  <rows>3</rows>
  <cols>3</cols>
  <dt>d</dt>
  <data>
    3.3942050282810662e-09 4.4259686965115550e-07 5.9757365978656184e-07
    -1.9484594787759646e-06 2.9113974201675226e-07
    4.5661469712046855e-02 -3.9139400145424416e-04
    -4.5126762904737390e-02 1.</data></F>
</opencv_storage>
